A1 5 3 4 6 2A2 8 4 3 4 1A3 4 3 3 7 3A4 6 2 5 5 2A5 4 2 7 5 2B1 3 3 5 6 3B2 6 2 3 8 1B3 3 3 6 6 2B4 3 2 4 8 3B5 4 3 5 7 1C1 5 3 4 7 1C2 4 3 4 8 1C3 7 2 3 5 3C4 4 3 4 7 2C5 5 4 2 7 2D1 5 2 3 7 3D2 6 2 5 6 1D3 3 4 4 7 2D4 5 3 3 6 3D5 4 4 5 4 3A1 5 3 4 6 2A2 8 4 3 4 1A3 4 3 3 7 3A4 6 2 5 5 2A5 4 2 7 5 2B1 3 3 5 6 3B2 6 2 3 8 1B3 3 3 6 6 2B4 3 2 4 8 3B5 4 3 5 7 1C1 5 3 4 7 1C2 4 3 4 8 1C3 7 2 3 5 3C4 4 3 4 7 2C5 5 4 2 7 2D1 5 2 3 7 3D2 6 2 5 6 1D3 3 4 4 7 2D4 5 3 3 6 3D5 4 4 5 4 3A1 5 3 4 6 2A2 8 4 3 4 1A3 4 3 3 7 3A4 6 2 5 5 2A5 4 2 7 5 2B1 3 3 5 6 3B2 6 2 3 8 1B3 3 3 6 6 2B4 3 2 4 8 3B5 4 3 5 7 1C1 5 3 4 7 1C2 4 3 4 8 1C3 7 2 3 5 3C4 4 3 4 7 2C5 5 4 2 7 2D1 5 2 3 7 3D2 6 2 5 6 1D3 3 4 4 7 2D4 5 3 3 6 3D5 4 4 5 4 3A1 5 3 4 6 2
A2 8 4 3 4 1
A3 4 3 3 7 3
A4 6 2 5 5 2
A5 4 2 7 5 2
B1 3 3 5 6 3
B2 6 2 3 8 1
B3 3 3 6 6 2
B4 3 2 4 8 3
B5 4 3 5 7 1
C1 5 3 4 7 1
C2 4 3 4 8 1
C3 7 2 3 5 3
C4 4 3 4 7 2
C5 5 4 2 7 2
D1 5 2 3 7 3
D2 6 2 5 6 1
D3 3 4 4 7 2
D4 5 3 3 6 3
D5 4 4 5 4 3
